250.0
257.0
256.0
254.0
271.0
252.0
265.0
302.0
245.0
259.0
244.0
263.0
271.0
276.0
252.0
274.0
253.0
262.0
256.0
283.0
251.0
328.0
261.0
278.0
255.0
265.0
284.0
252.0
246.0
254.0
254.0
249.0
259.0
252.0
263.0
251.0
284.0
279.0
251.0
269.0
254.0
250.0
248.0
269.0
258.0
336.0
252.0
260.0
254.0
266.0
278.0
257.0
271.0
258.0
253.0
258.0
291.0
263.0
268.0
256.0
252.0
252.0
265.0
263.0
253.0
271.0
253.0
253.0
258.0
268.0
263.0
248.0
256.0
256.0
266.0
262.0
259.0
256.0
251.0
270.0
246.0
257.0
268.0
257.0
257.0
267.0
257.0
259.0
261.0
264.0
265.0
251.0
270.0
261.0
252.0
276.0
278.0
351.0
256.0
274.0
