251.0
251.0
251.0
251.0
251.0
251.0
251.0
404.0
251.0
183.0
252.0
221.0
233.0
251.0
251.0
375.0
204.0
252.0
251.0
251.0
251.0
251.0
251.0
251.0
251.0
251.0
251.0
363.0
251.0
251.0
242.0
251.0
252.0
252.0
251.0
187.0
312.0
226.0
251.0
251.0
251.0
251.0
251.0
337.0
251.0
251.0
251.0
251.0
251.0
226.0
251.0
203.0
251.0
251.0
251.0
251.0
252.0
251.0
460.0
251.0
218.0
251.0
251.0
251.0
251.0
252.0
251.0
251.0
252.0
251.0
251.0
251.0
247.0
251.0
251.0
252.0
240.0
295.0
251.0
342.0
251.0
251.0
357.0
252.0
251.0
453.0
251.0
251.0
251.0
251.0
356.0
251.0
251.0
251.0
279.0
251.0
251.0
321.0
251.0
252.0
