275.0
258.0
279.0
268.0
287.0
251.0
258.0
252.0
281.0
283.0
257.0
258.0
276.0
275.0
291.0
255.0
282.0
250.0
279.0
252.0
259.0
282.0
261.0
257.0
266.0
337.0
267.0
266.0
289.0
263.0
250.0
279.0
287.0
271.0
277.0
266.0
261.0
255.0
287.0
356.0
254.0
307.0
261.0
145.0
287.0
252.0
276.0
259.0
281.0
307.0
254.0
260.0
266.0
314.0
255.0
271.0
267.0
262.0
279.0
250.0
254.0
268.0
262.0
284.0
250.0
255.0
271.0
269.0
286.0
271.0
324.0
263.0
259.0
261.0
274.0
249.0
249.0
258.0
276.0
254.0
263.0
252.0
275.0
279.0
254.0
262.0
254.0
293.0
262.0
267.0
253.0
275.0
257.0
271.0
271.0
256.0
250.0
271.0
283.0
278.0
