251.0
251.0
251.0
251.0
251.0
251.0
156.0
251.0
377.0
252.0
252.0
251.0
213.0
251.0
251.0
251.0
252.0
348.0
251.0
247.0
251.0
251.0
251.0
251.0
251.0
251.0
251.0
251.0
252.0
251.0
251.0
251.0
339.0
251.0
251.0
251.0
251.0
251.0
251.0
251.0
252.0
251.0
251.0
251.0
251.0
251.0
252.0
252.0
251.0
251.0
185.0
251.0
251.0
251.0
402.0
165.0
251.0
252.0
431.0
251.0
251.0
135.0
253.0
251.0
235.0
179.0
252.0
251.0
410.0
222.0
252.0
203.0
251.0
251.0
221.0
224.0
251.0
251.0
251.0
251.0
251.0
251.0
251.0
240.0
251.0
251.0
251.0
251.0
251.0
430.0
251.0
251.0
251.0
251.0
145.0
251.0
251.0
251.0
427.0
390.0
