270.0
567.0
278.0
395.0
378.0
593.0
315.0
381.0
312.0
331.0
395.0
459.0
294.0
314.0
570.0
386.0
324.0
395.0
489.0
315.0
395.0
395.0
379.0
571.0
377.0
312.0
287.0
267.0
301.0
315.0
372.0
367.0
286.0
384.0
538.0
395.0
315.0
315.0
395.0
395.0
562.0
395.0
378.0
370.0
551.0
315.0
301.0
462.0
543.0
315.0
491.0
315.0
390.0
618.0
203.0
315.0
395.0
273.0
321.0
379.0
379.0
395.0
315.0
379.0
315.0
363.0
578.0
315.0
475.0
315.0
537.0
544.0
341.0
492.0
320.0
337.0
337.0
357.0
368.0
322.0
364.0
331.0
643.0
310.0
393.0
365.0
395.0
331.0
462.0
371.0
375.0
478.0
558.0
315.0
312.0
540.0
315.0
395.0
380.0
593.0
