351.0
261.0
269.0
255.0
250.0
258.0
269.0
258.0
277.0
269.0
251.0
277.0
319.0
249.0
253.0
261.0
256.0
258.0
329.0
279.0
256.0
251.0
258.0
259.0
260.0
280.0
273.0
273.0
255.0
249.0
261.0
275.0
260.0
264.0
279.0
257.0
244.0
256.0
248.0
251.0
265.0
345.0
262.0
286.0
278.0
256.0
262.0
272.0
259.0
283.0
250.0
277.0
267.0
255.0
278.0
258.0
252.0
255.0
256.0
269.0
248.0
285.0
255.0
245.0
257.0
273.0
254.0
276.0
255.0
249.0
246.0
251.0
246.0
287.0
245.0
257.0
260.0
260.0
256.0
246.0
260.0
263.0
248.0
278.0
283.0
253.0
274.0
256.0
252.0
258.0
257.0
287.0
252.0
249.0
260.0
252.0
253.0
271.0
253.0
271.0
