473.0
397.0
630.0
471.0
394.0
699.0
375.0
385.0
402.0
597.0
472.0
692.0
443.0
622.0
383.0
475.0
403.0
475.0
705.0
652.0
491.0
471.0
644.0
728.0
632.0
617.0
614.0
687.0
644.0
407.0
491.0
619.0
610.0
612.0
399.0
625.0
474.0
646.0
679.0
617.0
612.0
619.0
443.0
390.0
475.0
394.0
561.0
404.0
470.0
469.0
708.0
471.0
397.0
608.0
406.0
471.0
398.0
105.0
616.0
402.0
621.0
147.0
390.0
574.0
635.0
471.0
567.0
475.0
621.0
474.0
240.0
400.0
235.0
469.0
561.0
473.0
616.0
636.0
634.0
620.0
474.0
655.0
620.0
381.0
473.0
631.0
387.0
569.0
613.0
585.0
472.0
642.0
475.0
138.0
244.0
393.0
617.0
640.0
402.0
614.0
