398.0
427.0
501.0
439.0
385.0
398.0
394.0
386.0
410.0
400.0
415.0
377.0
412.0
407.0
410.0
432.0
474.0
421.0
347.0
401.0
406.0
400.0
386.0
425.0
480.0
394.0
289.0
388.0
427.0
382.0
400.0
412.0
406.0
396.0
404.0
375.0
389.0
490.0
382.0
388.0
410.0
475.0
409.0
393.0
398.0
493.0
401.0
381.0
377.0
416.0
391.0
429.0
420.0
378.0
401.0
390.0
393.0
427.0
397.0
387.0
408.0
404.0
388.0
384.0
347.0
395.0
413.0
385.0
437.0
398.0
430.0
387.0
417.0
391.0
407.0
416.0
420.0
442.0
419.0
396.0
421.0
439.0
415.0
429.0
407.0
396.0
394.0
391.0
386.0
400.0
478.0
410.0
395.0
398.0
404.0
381.0
392.0
447.0
397.0
404.0
