601.0
459.0
1161.0
938.0
916.0
668.0
1578.0
1170.0
859.0
510.0
687.0
459.0
934.0
459.0
916.0
1579.0
513.0
483.0
1227.0
1122.0
500.0
1191.0
457.0
1227.0
1182.0
1044.0
442.0
1576.0
926.0
848.0
1021.0
1090.0
715.0
398.0
1579.0
1044.0
459.0
1095.0
1227.0
699.0
1094.0
1579.0
676.0
661.0
414.0
1035.0
459.0
1042.0
419.0
1560.0
1358.0
1555.0
913.0
919.0
459.0
1579.0
459.0
490.0
412.0
523.0
1027.0
1035.0
459.0
1189.0
452.0
688.0
455.0
1574.0
1127.0
1556.0
866.0
1098.0
1548.0
1565.0
496.0
921.0
909.0
919.0
1033.0
459.0
1579.0
1579.0
1176.0
1569.0
491.0
523.0
927.0
459.0
1173.0
466.0
912.0
1134.0
459.0
496.0
619.0
1344.0
1167.0
1167.0
523.0
1227.0
