334.0
270.0
331.0
284.0
316.0
308.0
296.0
331.0
324.0
189.0
202.0
278.0
109.0
268.0
292.0
216.0
306.0
202.0
213.0
331.0
215.0
198.0
292.0
331.0
174.0
297.0
300.0
299.0
274.0
309.0
145.0
269.0
286.0
309.0
288.0
275.0
202.0
292.0
304.0
272.0
274.0
309.0
299.0
331.0
313.0
381.0
299.0
303.0
303.0
197.0
326.0
379.0
484.0
319.0
320.0
195.0
289.0
327.0
203.0
319.0
300.0
306.0
288.0
320.0
152.0
287.0
215.0
285.0
274.0
315.0
329.0
149.0
310.0
322.0
374.0
473.0
239.0
205.0
268.0
325.0
268.0
311.0
287.0
320.0
203.0
328.0
299.0
376.0
188.0
287.0
308.0
299.0
310.0
298.0
185.0
298.0
306.0
319.0
335.0
291.0
