292.0
287.0
363.0
363.0
363.0
505.0
275.0
356.0
272.0
333.0
296.0
492.0
515.0
318.0
462.0
345.0
308.0
363.0
462.0
471.0
365.0
142.0
321.0
494.0
125.0
363.0
363.0
525.0
363.0
467.0
498.0
306.0
264.0
470.0
358.0
500.0
125.0
317.0
354.0
345.0
505.0
301.0
363.0
299.0
308.0
375.0
328.0
305.0
432.0
385.0
379.0
347.0
381.0
474.0
363.0
459.0
294.0
132.0
349.0
342.0
151.0
382.0
342.0
368.0
479.0
363.0
498.0
391.0
382.0
363.0
304.0
295.0
131.0
331.0
300.0
510.0
501.0
334.0
363.0
318.0
474.0
451.0
289.0
503.0
491.0
444.0
513.0
475.0
467.0
311.0
497.0
142.0
321.0
298.0
379.0
295.0
499.0
361.0
363.0
312.0
