252.0
253.0
258.0
271.0
256.0
279.0
254.0
298.0
277.0
255.0
272.0
286.0
340.0
266.0
287.0
252.0
254.0
278.0
279.0
248.0
262.0
278.0
249.0
268.0
250.0
261.0
255.0
248.0
252.0
257.0
248.0
260.0
256.0
282.0
266.0
255.0
265.0
259.0
284.0
321.0
269.0
250.0
259.0
251.0
251.0
256.0
264.0
257.0
259.0
272.0
259.0
263.0
256.0
268.0
266.0
248.0
277.0
258.0
299.0
259.0
263.0
254.0
251.0
255.0
258.0
250.0
245.0
245.0
281.0
271.0
255.0
294.0
282.0
254.0
265.0
302.0
276.0
270.0
280.0
362.0
249.0
259.0
247.0
270.0
255.0
270.0
263.0
270.0
259.0
284.0
276.0
257.0
279.0
254.0
274.0
246.0
258.0
271.0
282.0
250.0
