493.0
295.0
317.0
456.0
469.0
153.0
188.0
267.0
127.0
122.0
182.0
415.0
306.0
470.0
480.0
203.0
259.0
485.0
413.0
205.0
299.0
482.0
492.0
196.0
264.0
299.0
465.0
530.0
311.0
315.0
143.0
488.0
132.0
205.0
521.0
416.0
183.0
266.0
423.0
529.0
147.0
299.0
467.0
308.0
286.0
274.0
392.0
474.0
174.0
473.0
446.0
464.0
242.0
295.0
310.0
491.0
324.0
450.0
178.0
469.0
444.0
229.0
255.0
267.0
192.0
299.0
488.0
485.0
264.0
169.0
391.0
236.0
146.0
155.0
263.0
163.0
299.0
470.0
445.0
446.0
299.0
314.0
462.0
198.0
169.0
304.0
278.0
203.0
315.0
142.0
450.0
312.0
293.0
176.0
257.0
299.0
267.0
164.0
281.0
271.0
