534.0
335.0
331.0
513.0
514.0
524.0
518.0
509.0
328.0
509.0
502.0
508.0
512.0
521.0
510.0
519.0
523.0
510.0
527.0
532.0
517.0
520.0
513.0
521.0
414.0
517.0
516.0
506.0
332.0
693.0
513.0
513.0
158.0
701.0
503.0
532.0
515.0
539.0
506.0
532.0
525.0
514.0
529.0
503.0
525.0
526.0
506.0
334.0
572.0
201.0
506.0
539.0
509.0
226.0
526.0
522.0
539.0
514.0
688.0
509.0
502.0
715.0
526.0
528.0
503.0
503.0
508.0
585.0
500.0
498.0
511.0
511.0
509.0
505.0
535.0
505.0
707.0
692.0
510.0
527.0
539.0
523.0
507.0
504.0
539.0
521.0
512.0
521.0
530.0
516.0
531.0
515.0
530.0
510.0
505.0
517.0
512.0
574.0
503.0
514.0
