362.0
372.0
303.0
369.0
363.0
377.0
430.0
364.0
363.0
363.0
617.0
376.0
363.0
546.0
483.0
356.0
344.0
569.0
333.0
363.0
275.0
340.0
378.0
567.0
498.0
312.0
332.0
386.0
286.0
366.0
590.0
370.0
263.0
315.0
352.0
592.0
363.0
364.0
619.0
575.0
306.0
477.0
447.0
380.0
371.0
443.0
302.0
364.0
645.0
372.0
352.0
454.0
489.0
364.0
370.0
346.0
364.0
365.0
363.0
484.0
492.0
557.0
375.0
336.0
476.0
335.0
473.0
383.0
463.0
318.0
336.0
356.0
363.0
327.0
367.0
468.0
574.0
363.0
347.0
354.0
554.0
470.0
559.0
363.0
483.0
375.0
656.0
309.0
321.0
563.0
356.0
304.0
582.0
295.0
362.0
307.0
376.0
346.0
331.0
341.0
