233.0
251.0
251.0
251.0
251.0
251.0
251.0
251.0
251.0
251.0
379.0
251.0
251.0
251.0
251.0
251.0
252.0
251.0
251.0
251.0
251.0
522.0
251.0
252.0
251.0
252.0
224.0
251.0
252.0
470.0
251.0
251.0
251.0
251.0
251.0
252.0
251.0
251.0
238.0
251.0
251.0
251.0
251.0
251.0
251.0
252.0
251.0
251.0
251.0
251.0
251.0
251.0
251.0
251.0
251.0
251.0
251.0
239.0
251.0
251.0
251.0
476.0
251.0
251.0
251.0
251.0
251.0
251.0
251.0
251.0
252.0
251.0
222.0
251.0
251.0
251.0
379.0
251.0
252.0
251.0
251.0
251.0
251.0
251.0
251.0
251.0
251.0
251.0
251.0
251.0
251.0
251.0
251.0
251.0
251.0
251.0
251.0
392.0
251.0
251.0
