230.0
251.0
234.0
252.0
251.0
252.0
251.0
227.0
251.0
235.0
251.0
251.0
251.0
251.0
251.0
252.0
455.0
251.0
237.0
234.0
222.0
435.0
251.0
251.0
251.0
251.0
251.0
251.0
251.0
251.0
251.0
251.0
251.0
251.0
251.0
251.0
251.0
251.0
251.0
187.0
252.0
237.0
251.0
251.0
251.0
237.0
234.0
251.0
252.0
251.0
251.0
251.0
252.0
224.0
251.0
251.0
251.0
251.0
252.0
251.0
431.0
238.0
241.0
251.0
251.0
251.0
251.0
496.0
251.0
237.0
251.0
252.0
251.0
238.0
252.0
251.0
251.0
251.0
251.0
251.0
432.0
251.0
248.0
251.0
251.0
608.0
251.0
230.0
362.0
251.0
251.0
251.0
251.0
252.0
251.0
251.0
251.0
251.0
251.0
251.0
