232.0
251.0
251.0
251.0
251.0
251.0
252.0
195.0
251.0
160.0
223.0
251.0
433.0
251.0
251.0
251.0
251.0
213.0
251.0
251.0
251.0
234.0
424.0
252.0
236.0
427.0
251.0
157.0
251.0
222.0
239.0
430.0
252.0
426.0
251.0
336.0
237.0
237.0
251.0
174.0
251.0
252.0
251.0
251.0
252.0
251.0
251.0
210.0
251.0
251.0
252.0
252.0
251.0
225.0
251.0
410.0
252.0
251.0
252.0
251.0
251.0
251.0
249.0
418.0
229.0
433.0
252.0
251.0
436.0
251.0
446.0
252.0
251.0
251.0
252.0
251.0
251.0
248.0
238.0
251.0
251.0
232.0
251.0
251.0
219.0
425.0
251.0
252.0
236.0
251.0
221.0
251.0
251.0
251.0
251.0
153.0
174.0
411.0
252.0
251.0
