362.0
339.0
325.0
323.0
307.0
354.0
312.0
164.0
167.0
332.0
356.0
353.0
334.0
307.0
327.0
309.0
312.0
316.0
338.0
373.0
346.0
325.0
301.0
306.0
329.0
205.0
142.0
211.0
323.0
316.0
354.0
296.0
319.0
324.0
320.0
338.0
340.0
349.0
192.0
324.0
296.0
323.0
343.0
309.0
335.0
136.0
380.0
329.0
182.0
301.0
359.0
220.0
313.0
331.0
319.0
349.0
136.0
369.0
401.0
329.0
419.0
339.0
317.0
419.0
343.0
142.0
331.0
363.0
335.0
345.0
193.0
314.0
189.0
363.0
341.0
341.0
327.0
351.0
337.0
323.0
324.0
336.0
335.0
306.0
136.0
326.0
313.0
318.0
183.0
344.0
311.0
384.0
421.0
338.0
185.0
301.0
337.0
347.0
310.0
324.0
