620.0
779.0
731.0
315.0
741.0
799.0
725.0
798.0
777.0
729.0
752.0
315.0
740.0
523.0
546.0
745.0
779.0
714.0
768.0
830.0
704.0
667.0
527.0
702.0
795.0
734.0
518.0
939.0
736.0
427.0
400.0
718.0
788.0
783.0
315.0
791.0
698.0
326.0
697.0
744.0
865.0
527.0
513.0
690.0
735.0
729.0
536.0
729.0
516.0
811.0
527.0
774.0
315.0
515.0
789.0
742.0
516.0
638.0
515.0
820.0
505.0
811.0
520.0
737.0
315.0
738.0
530.0
527.0
371.0
315.0
720.0
1165.0
780.0
733.0
520.0
326.0
408.0
516.0
414.0
335.0
520.0
779.0
779.0
685.0
806.0
731.0
797.0
939.0
518.0
529.0
515.0
740.0
682.0
628.0
678.0
779.0
649.0
810.0
736.0
510.0
