514.0
326.0
583.0
427.0
517.0
302.0
487.0
363.0
521.0
520.0
411.0
339.0
295.0
292.0
529.0
531.0
363.0
515.0
520.0
363.0
512.0
427.0
371.0
290.0
275.0
516.0
330.0
301.0
449.0
306.0
526.0
526.0
330.0
298.0
460.0
364.0
518.0
314.0
525.0
580.0
362.0
525.0
493.0
340.0
520.0
263.0
360.0
537.0
517.0
509.0
364.0
514.0
504.0
412.0
363.0
354.0
545.0
516.0
364.0
511.0
514.0
282.0
546.0
367.0
445.0
313.0
455.0
515.0
303.0
302.0
541.0
347.0
513.0
522.0
411.0
436.0
297.0
530.0
324.0
298.0
385.0
325.0
361.0
326.0
443.0
321.0
519.0
411.0
517.0
367.0
529.0
312.0
549.0
365.0
279.0
294.0
541.0
323.0
527.0
300.0
