1965
2032
2009
2090
1985
1965
1988
1958
2087
2041
1963
1988
1974
2035
2011
2021
2012
1980
1969
1972
1949
2048
1951
2039
1956
2059
2073
2004
1987
2061
2064
2077
2085
2031
2083
1986
2051
2061
2049
2208
2044
2005
1945
1843
2093
2020
2004
1995
2033
2081
1970
2020
1956
2066
2009
2061
2081
2014
1961
1980
2060
2058
2084
2060
2048
1991
1945
1927
1998
2023
2106
2061
1949
2067
2018
2015
2047
1932
1974
1968
1999
2012
1989
1969
2008
1990
2084
1967
2159
2057
1981
2051
1971
2093
2055
2062
2056
2053
2049
2062
