2392
2587
2503
2213
2583
2663
2541
2606
2639
2615
2416
2143
2526
2373
2468
2563
2589
2696
2470
2714
2568
2555
2329
2534
2667
2468
2384
3008
2616
2153
2250
2558
2701
2593
2157
2593
2578
2192
2445
2594
2770
2377
2193
2570
2539
2607
2290
2611
2302
2593
2369
2666
2205
2357
2616
2524
2286
2480
2438
2636
2315
2788
2370
2577
2181
2554
2348
2423
2269
2043
2681
3609
2676
2511
2386
2208
2242
2374
2256
2225
2262
2511
2573
2638
2852
2579
2711
3257
2384
2315
2325
2576
2524
2402
2596
2617
2477
2540
2554
2152
