2048
2106
2032
2083
2303
2069
2096
2007
2068
2069
1954
2080
2189
2094
2064
2042
2085
1961
1983
2019
1935
1989
2105
2002
2167
2147
2231
2056
2134
2075
2023
1891
2002
2065
2040
2117
2008
2192
2053
2048
2023
2468
2014
2000
2112
2101
2013
2264
2093
2020
1935
2109
2045
2061
2010
2010
2040
2082
2139
2071
2082
2010
2001
2060
2079
2026
2048
2065
2043
2116
2097
2084
2123
2015
1990
1954
2026
2030
2048
1994
2136
2103
2111
2024
2023
2238
2026
1821
2024
2021
2483
2161
1993
2021
2061
2053
2079
2038
2045
2009
