1965
1951
1936
1879
1923
1880
1992
1877
1952
1895
2019
1891
1969
1895
1847
1949
2021
1879
1849
1895
1901
1789
1879
1958
2187
1893
1843
1893
1895
1999
1990
1964
1899
1904
1891
1877
1893
2012
1879
1893
1777
1843
1893
1893
1895
1845
1897
2012
1845
1949
1895
1933
1828
1895
1936
2119
1893
1897
2062
1893
1990
1893
1881
1895
1879
1893
1933
1849
1931
1953
1947
1843
1990
1947
1893
1895
1893
1845
1879
1949
1895
1945
1947
1826
1933
1893
1893
2167
1953
2012
1877
1899
1883
1879
1893
1839
1987
1897
1783
1949
