1896
1825
1981
1989
1849
1944
1986
1762
1903
2098
1968
2057
1968
1981
1893
1775
1878
1968
1982
2039
1958
2299
1923
1942
1895
1819
1802
1917
1951
1990
1990
1916
2213
1982
1824
1926
1920
2001
1868
1896
1960
2013
1941
1875
2017
1796
2084
2037
1804
2029
1969
2175
1879
1949
1931
1931
1796
1865
1967
1965
2031
2276
1913
2031
2232
1802
1959
1967
1923
2027
1869
1924
1825
2067
1899
2015
2023
2047
1893
1811
2256
1918
1977
1942
1896
1938
2071
2061
1813
1918
1923
2010
2033
1974
1853
1905
2005
2262
1884
1914
