2082
2099
2091
2245
2135
2215
2130
2265
2148
2215
2122
2359
2303
2114
2326
2165
2152
2237
2212
2418
2069
1902
2119
2270
1982
2256
2135
2241
2197
2241
2509
2118
2119
2242
2127
2334
1939
2158
2250
2111
2514
2059
2097
1951
2246
2234
2148
2163
2250
2425
2285
2463
2231
2240
2129
2345
2183
1992
2183
2038
1827
2208
2130
2132
2399
2167
2380
2203
2034
2167
2048
2161
1991
2235
2064
2322
2287
2106
2175
2100
2208
2277
2071
2405
2217
2461
2223
2371
2087
2155
2500
1856
2103
2050
2191
2131
2217
2354
2159
1948
