2091
2495
2634
2918
2721
2375
2374
2317
2474
2217
2537
2507
2399
2249
3338
2293
2484
2395
2580
2664
2279
2269
2377
2399
2973
3435
2349
2848
2764
2126
2513
2413
2443
3431
3159
2381
2649
2610
3205
2711
2789
2766
2737
2201
2789
2835
2225
2685
2606
2403
2201
2071
2092
2365
2540
2841
2365
2670
2381
2177
3557
2824
2754
3467
2810
2315
2908
2513
2279
2956
2740
2233
2226
2477
2953
2648
2373
2117
2843
2757
3159
2738
2621
2731
2789
2718
3053
2608
2589
2283
2545
2282
2540
2725
2245
2133
2627
2538
2548
2468
