2327
2108
2495
2482
2395
2043
2024
2133
2063
2096
2042
2371
2202
2280
2739
2027
2079
2365
2247
2011
2166
2731
2644
2132
2176
2147
2253
2258
2480
2447
2210
2366
2094
2139
2261
2264
2199
2248
2395
2624
2193
2139
2339
2654
2144
2453
2288
2408
2072
2145
2348
2406
2206
2456
2425
2299
2244
2527
2084
2157
2488
2286
2021
2095
2128
2047
2577
2219
2122
2034
2049
2441
2082
2053
2083
2171
2257
2230
2387
2234
2203
2196
2434
2104
2105
2270
2122
2105
2113
2142
2408
2132
2173
2020
2394
2101
2171
2303
2163
2159
