2071
2009
2755
2682
2336
2307
3817
2916
2517
1964
2236
1881
2552
2093
2486
3675
1999
2017
3663
2784
1940
3060
1973
2719
2950
2286
1888
4046
2516
2514
2862
2874
2351
2004
4107
2852
2155
2921
2977
2307
2776
3687
2162
2293
1884
2661
1975
2678
2001
4044
3718
3977
2469
2563
1873
4021
2047
2002
1986
2071
2813
2749
1857
3049
1850
2246
2159
3912
2615
3642
2544
2650
4100
3783
1908
2619
2583
2631
2691
1969
3845
3647
2954
4079
2033
1905
2389
1945
2799
1856
2468
2988
1913
2046
1991
3601
2897
2943
1993
3111
