2154
2100
2085
2168
2147
2130
2126
2205
2136
2112
2087
2156
2020
1954
2178
2149
2169
2115
2029
2093
2157
2153
2109
2140
2123
2052
2150
2046
2103
2138
2124
2157
2112
2203
2127
2074
2150
2123
2097
2000
2148
2055
2093
2132
2107
2114
2091
2135
1977
2094
2048
2032
2119
2082
2212
2206
2027
2112
2094
2109
2071
2096
2159
2013
1958
2160
2172
2137
2162
2083
2083
2106
2024
2082
2120
2055
2074
2042
2154
2103
2113
2078
2145
2065
2173
2166
2096
2040
2034
2094
2076
2070
2068
2063
2086
2099
2094
2121
2111
2071
