2080
2206
2039
2135
2089
2173
2531
2068
2111
2049
2689
2196
2059
2546
2579
2114
2078
2469
2075
2027
1871
2014
2180
2561
2246
1956
1958
2096
1990
2114
2520
1980
1897
2081
2002
2610
2137
2352
2627
2363
2072
2439
2385
2068
2113
2153
2022
2038
2593
2090
2140
2430
2559
2030
2044
2004
2130
2107
2079
2400
2382
2549
2079
2070
2310
2001
2405
2041
2435
2050
1994
1974
2005
2077
2041
2330
2630
2083
2095
2334
2540
2418
2231
2005
2545
2195
2656
2029
2019
2365
2182
2024
2606
2045
2066
2097
2050
2272
2079
2037
