2240
1944
2061
1938
1998
1960
1972
2015
1946
1787
1846
1892
1879
1942
1998
1914
2074
1892
1811
2099
1867
1842
1938
2061
1818
2103
1968
2011
1980
1931
1773
1889
1938
2047
1962
1881
1846
1960
2026
1978
2026
2195
2013
2007
2173
2173
1943
2071
2025
1857
2002
2285
2343
2003
1934
1977
2003
2041
1901
2155
2030
2004
1964
2120
1788
1909
1867
1953
1872
1967
1959
1785
1940
1990
2166
2544
1835
1849
1912
1985
1912
1963
1961
1950
1847
2004
2037
2136
1786
1955
2046
1997
2078
1904
1783
1990
1982
1987
2155
2151
