2066
2067
2064
2015
2062
2007
2052
2056
2051
2069
2078
2044
2076
2056
2133
2090
2060
2036
2045
2024
2038
2020
1993
2034
2056
1981
2029
2014
2044
2047
2046
2018
2006
2070
2016
2021
2111
2017
2074
2079
2035
2056
2027
2073
2033
2118
1994
2063
2011
2078
2043
2099
2062
2050
2088
2046
2091
1978
2129
2027
1989
2052
2001
2005
2026
2000
2051
2059
2039
2125
2053
2014
2048
2076
2119
2030
2042
2068
2086
2112
2055
2009
2021
2076
1975
2076
2069
2092
2033
2082
2026
2039
2013
1972
2088
1988
2040
2029
2058
2056
