2090
2111
2107
2093
2097
2120
2113
2090
2057
2072
2112
1940
2035
2090
2103
2128
2149
2088
2100
2129
2097
2103
2058
2134
2090
2104
2092
2067
2143
2096
2112
2173
2159
2083
2139
2109
2113
2106
2016
2042
2022
2131
2147
2094
2081
2183
2115
2128
2085
2159
2053
2090
2054
2097
2062
2096
2076
2077
2064
2135
2113
2075
2091
2106
2052
2074
2039
2064
2027
2107
2072
2134
2250
2109
2074
2057
2125
2145
2152
2028
2064
2113
1991
2049
2099
2132
2101
2057
2038
2018
2072
2176
2117
2067
2076
2069
2053
2207
2128
2070
